5668675   0.004224   0.000506   0.039343   0.021978
5668675   0.006458  -1.000000   0.043056   0.023212
5668675   0.004376   0.000501   0.039036   0.021872
5668675   0.004137   0.000513   0.038978   0.022103
5668675   0.004210   0.000509   0.038854   0.022004
5668675   0.005417  -1.000000   0.035372   0.021799
5668675   0.001880   0.000049   0.035526   0.021106
5668675   0.001529   0.000056   0.035866   0.020992
5668675   0.001817   0.000054   0.036406   0.021454
5668675   0.001585   0.000049   0.035551   0.021086
5668675   0.003719   0.000364   0.038995   0.021998
5668675   0.003729   0.000358   0.038778   0.021971
5668675   0.003668   0.000347   0.039088   0.021994
5668675   0.003145  -1.000000   0.036214   0.021527
